     13           0.000000000000000            0.002723495617016
     13          -0.000000000000000            0.002411769898472
      5           0.000000000000001            0.002093552222744
     11          -0.000000000000001            0.001466445840695
     10           0.000000000000000            0.001210646868848
     10           0.000000000000000            0.001331475211012
     12           0.000000000000000            0.001821036469349
      4           0.000000000000000            0.001058670234142
      4          -0.000000000000001            0.000954092389050
     10           0.000000000000001            0.001165668362991
      4           0.000000000000000            0.001268824443447
      4          -0.000000000000000            0.001065674772466
     10          -0.000000000000000            0.001098236672746
      4          -0.000000000000000            0.001099478656874
      4           0.000000000000000            0.000902131716297
     11           0.000000000000000            0.001025004385259
     11           0.000000000000001            0.001240074880816
      4           0.000000000000000            0.001386453771513
      4          -0.000000000000000            0.001369486040793
      4           0.000000000000001            0.001378910938557
     11          -0.000000000000000            0.001740247506622
      4           0.000000000000000            0.002078022684163
      5           0.000000000000000            0.000820001863608
      4           0.000000000000000            0.000874541224268
     10           0.000000000000001            0.001036406544631
     10          -0.000000000000001            0.001258959457190
      5           0.000000000000000            0.001302399756960
     10           0.000000000000000            0.001445133445034
      4          -0.000000000000000            0.001687046711516
      9          -0.000000000000000            0.000890640746417
      4          -0.000000000000000            0.000892727964181
      9           0.000000000000001            0.000921125152745
     10          -0.000000000000000            0.000987595078217
      4          -0.000000000000000            0.001376835553488
      5           0.000000000000000            0.001306254699111
      4          -0.000000000000000            0.001374530246476
     10           0.000000000000001            0.001098088177927
     11          -0.000000000000000            0.001444278493855
      5           0.000000000000000            0.001258521123604
      9           0.000000000000000            0.000822743368226
      4           0.000000000000000            0.001017261242940
     10          -0.000000000000001            0.001272847475032
      4          -0.000000000000000            0.001324228484228
     10          -0.000000000000001            0.001300493992823
     11           0.000000000000001            0.001526986283053
      4          -0.000000000000000            0.001689551278411
     12          -0.000000000000000            0.001824283430087
      3          -0.000000000000001            0.000978102602535
      3          -0.000000000000001            0.000955618630229
      4          -0.000000000000000            0.000937754698738
      9           0.000000000000000            0.000967585168827
      3          -0.000000000000001            0.000970557621266
     10          -0.000000000000001            0.001042187064019
      4          -0.000000000000000            0.001033383761641
     11          -0.000000000000000            0.001048315443491
     10           0.000000000000000            0.001003438888892
      4           0.000000000000000            0.001177970838313
     10          -0.000000000000001            0.001150595919046
     10          -0.000000000000000            0.001298032198910
      3          -0.000000000000000            0.001349242915914
     10          -0.000000000000000            0.001049036313142
      4           0.000000000000000            0.001044751866514
     10           0.000000000000000            0.001036231988228
      5          -0.000000000000000            0.001135576041922
      7           0.000000000000000            0.000066809061453
     11           0.000000000000000            0.001678530351911
      4          -0.000000000000000            0.000912664215154
      4           0.000000000000000           -0.000817068591891
      4           0.000000000000000           -0.001536744468185
      4          -0.000000000000000           -0.001646483902951
      3           0.000000000000001           -0.001151162698936
      4          -0.000000000000001           -0.001191955285989
      4           0.000000000000000           -0.001123933118686
      5           0.000000000000000           -0.001181955231480
      5           0.000000000000000           -0.000897044593804
      4          -0.000000000000000           -0.001450116433113
      4           0.000000000000000           -0.000840360290742
      4          -0.000000000000001           -0.002059877045786
      4          -0.000000000000000           -0.001527788947229
      4          -0.000000000000000           -0.001281917929443
      4           0.000000000000000           -0.000876811359687
      5          -0.000000000000000           -0.001471256315522
     10           0.000000000000000            0.001033037790528
      4          -0.000000000000001            0.001685462652253
      4          -0.000000000000000           -0.001726004875303
      4           0.000000000000000           -0.001366794400859
      4          -0.000000000000000           -0.002600854737412
      5           0.000000000000001           -0.002563262612938
      4          -0.000000000000000           -0.001729058601293
      5          -0.000000000000000           -0.001589233618994
      4          -0.000000000000000           -0.001430335216824
      4          -0.000000000000001           -0.001498288337917
      4           0.000000000000001           -0.001327469834331
      4           0.000000000000000           -0.001243611564483
      4           0.000000000000000           -0.001204052048059
      4          -0.000000000000001           -0.001050988632499
      5           0.000000000000000           -0.000930308198911
      4          -0.000000000000000           -0.001305139022377
      4           0.000000000000000           -0.001517532451885
      4          -0.000000000000001           -0.001219335481241
      5           0.000000000000000           -0.001250431711017
      4          -0.000000000000000           -0.001189932680840
      4           0.000000000000000           -0.000706673874302
      4          -0.000000000000000           -0.000839965860109
      4           0.000000000000000           -0.001206782171738
      4          -0.000000000000001           -0.000776673505627
      5           0.000000000000000           -0.001261845710641
      4           0.000000000000001           -0.001523168659496
      5          -0.000000000000000           -0.000684509890459
      5           0.000000000000000           -0.000744111294901
      4          -0.000000000000000           -0.000663937888093
      5          -0.000000000000000           -0.001413322646406
      5          -0.000000000000000           -0.000925255763709
      4          -0.000000000000001           -0.000901668269949
      4           0.000000000000000           -0.000899738180347
      4           0.000000000000000           -0.000740832108334
      4          -0.000000000000001           -0.001614483915081
      5           0.000000000000000           -0.000668399437094
      4           0.000000000000000           -0.000424394541670
      5          -0.000000000000000           -0.000648529505438
      4           0.000000000000000           -0.000930628341110
      4           0.000000000000001           -0.000885378289326
      4           0.000000000000000           -0.000626876056532
      4          -0.000000000000000           -0.000986777197331
      4          -0.000000000000000           -0.000978614627851
      4           0.000000000000000           -0.000692844940778
     11          -0.000000000000000            0.002857029609110
