           deltaGRxn               deltaGactivation
      ==================       =========================
        0.6235433287394             2.2064557463201
  Index   Cumulative Free Energies
  =====   ========================
     1            0.0000000000000
     2            0.0741100905584
     3            0.1397376922571
     4            0.1967061499433
     5            0.2366101737918
     6            0.2695535530740
     7            0.3057848390169
     8            0.3553377653408
     9            0.3841456497499
    10            0.4101078260471
    11            0.4418272778438
    12            0.4763537495660
    13            0.5053522371714
    14            0.5352367792148
    15            0.5651551173677
    16            0.5897033717408
    17            0.6175951617402
    18            0.6513393180158
    19            0.6890666467914
    20            0.7263322600964
    21            0.7638543379327
    22            0.8112088846057
    23            0.8677547620228
    24            0.8900681492705
    25            0.9138656281145
    26            0.9420676866741
    27            0.9763257184472
    28            1.0117658209862
    29            1.0510899050094
    30            1.0969967843103
    31            1.1212323534662
    32            1.1455247187104
    33            1.1705898108144
    34            1.1974636417192
    35            1.2349292454513
    36            1.2704742463092
    37            1.3078771194422
    38            1.3377576207358
    39            1.3770584403525
    40            1.4113045444612
    41            1.4336925318494
    42            1.4613736202142
    43            1.4960095642019
    44            1.5320436566649
    45            1.5674319007203
    46            1.6089833139157
    47            1.6549583459531
    48            1.7045996265791
    49            1.7312151540639
    50            1.7572188614989
    51            1.7827364665983
    52            1.8090658001345
    53            1.8354760182214
    54            1.8638353727255
    55            1.8919551771703
    56            1.9204812933739
    57            1.9477862563270
    58            1.9798404755287
    59            2.0111497852348
    60            2.0464710404658
    61            2.0831858102855
    62            2.1117315423514
    63            2.1401606886862
    64            2.1683579973241
    65            2.1992585953559
    66            2.2010765625168
    67            2.2467516998689
    68            2.2715865581341
    69            2.2493529892753
    70            2.2075360423375
    71            2.1627329332785
    72            2.1314082007060
    73            2.0989734453003
    74            2.0683896673471
    75            2.0362270272850
    76            2.0118172005658
    77            1.9723575225304
    78            1.9494901542632
    79            1.8934380448165
    80            1.8518647900164
    81            1.8169820263924
    82            1.7931227740172
    83            1.7530878504812
    84            1.7811982405725
    85            1.8270620154252
    86            1.7800950304910
    87            1.7429026604392
    88            1.6721297981975
    89            1.6023798697663
    90            1.5553297887153
    91            1.5120845392329
    92            1.4731631355099
    93            1.4323926331775
    94            1.3962703390857
    95            1.3624299447456
    96            1.3296660196777
    97            1.3010671622961
    98            1.2757521867780
    99            1.2402375450303
    **            1.1989433836842
    **            1.1657635752162
    **            1.1317375952361
    **            1.0993578777200
    **            1.0801283021361
    **            1.0572716668730
    **            1.0244334513558
    **            1.0032990887827
    **            0.9689625180528
    **            0.9275149876857
    **            0.9088885248219
    **            0.8886402251345
    **            0.8705735549683
    **            0.8321150868661
    **            0.8069375951126
    **            0.7824019517570
    **            0.7579188288147
    **            0.7377597603388
    **            0.6938274153024
    **            0.6756393402041
    **            0.6640909765060
    **            0.6464435897881
    **            0.6211199027570
    **            0.5970275323524
    **            0.5799693659915
    **            0.5531177907592
    **            0.5264883303559
    **            0.5076350592204
    **            0.5853787947844
